a100=[0.05	0.23	0.68	1.21	2.23	3.31	4.25	5.36	6.32	6.49];

