wt1=[50.87 61.32 127.45 251.42 357.76 422.72 455.08 491.99 375.53  378.6792813	408.7150127	382.8519028	338.1432545	312.6444753	252.4644658	238.1242883	204.5199101	192.3076923];
wt2=[39.81 51.11 90.29  324.34 252.19 466.93 456.96 439.72 333.80 306.92 388.64	368.8101788	308.5883171	281.4378178	254.4704264	222.6695949	209.3368658	189.7938663];
da1=[   24.3840   25.5200   50.8960   98.5520  115.8880  135.4000  165.7280  187.0640  167.4320  107.3440 104.5272   92.0429   88.8480   74.7007   65.0696   61.9529   71.3514   71.4353
];
da2=[   25.0000   22.9081   39.0671  101.5811  122.4520  125.7143  158.5546  179.2308  176.8573  125.7970 115.3991   91.9673   87.2724   73.2258   66.2751   63.8384   72.1830   67.2941
];
dc1=[   10.4754    8.4741   15.9905  111.6629  188.2388  176.6973  146.6196  152.4281  114.1899  112.1400 89.3229   66.6438   48.2561   30.5773   24.1273   19.6188   16.8560   13.0967
];
dc2=[   10.6602    9.3018   11.0782  115.6659  177.4823  170.9801  144.6727  149.0287  116.7970  117.5860 90.8040   68.2420   53.1513   37.3127   28.2616   23.2156   17.2610   16.2116
];
ds1=[132.53	287.50	424.07	682.12	863.11	1242.98	1327.93	1341.19	1406.59	1004.48	391.4914749	238.372093	135.6725146	56.73710209	29.13078579	18.2379349	12.29281768	8.918617614
];
ds2=[109.939759	381.25	603.6294174	870.8609272	1129.126214	1273.684211	1532.921811	1397.364771	1618.589744	617.5824176	392.3191525	254.6511628	124.4152047	59.27552141	30.13993541	16.83501684	13.05248619	8.639910814
];
